Welcome to our feature selection algorithm!

Type the name of the file to test (should be in the same folder): 
Select the algorithm you want to run: 
	1) Forward selection
	2) Backward elimination

This dataset has 30 features (not including the class attribute), with 569 instances.
Running nearest neighbor with all 30 features, using leave one out cross validation, we get an accuracy of 0.9507908611599297

Beginning search.

	using feature(s) {1, 2, 3, 4, 5, 6, 7, 8, 9, 10, 11, 12, 13, 14, 15, 16, 17, 18, 19, 20, 21, 22, 23, 24, 25, 26, 27, 28, 29} the accuracy is 0.9507908611599297
	using feature(s) {0, 2, 3, 4, 5, 6, 7, 8, 9, 10, 11, 12, 13, 14, 15, 16, 17, 18, 19, 20, 21, 22, 23, 24, 25, 26, 27, 28, 29} the accuracy is 0.9543057996485061
	using feature(s) {0, 1, 3, 4, 5, 6, 7, 8, 9, 10, 11, 12, 13, 14, 15, 16, 17, 18, 19, 20, 21, 22, 23, 24, 25, 26, 27, 28, 29} the accuracy is 0.9507908611599297
	using feature(s) {0, 1, 2, 4, 5, 6, 7, 8, 9, 10, 11, 12, 13, 14, 15, 16, 17, 18, 19, 20, 21, 22, 23, 24, 25, 26, 27, 28, 29} the accuracy is 0.9507908611599297
	using feature(s) {0, 1, 2, 3, 5, 6, 7, 8, 9, 10, 11, 12, 13, 14, 15, 16, 17, 18, 19, 20, 21, 22, 23, 24, 25, 26, 27, 28, 29} the accuracy is 0.9490333919156415
	using feature(s) {0, 1, 2, 3, 4, 6, 7, 8, 9, 10, 11, 12, 13, 14, 15, 16, 17, 18, 19, 20, 21, 22, 23, 24, 25, 26, 27, 28, 29} the accuracy is 0.9543057996485061
	using feature(s) {0, 1, 2, 3, 4, 5, 7, 8, 9, 10, 11, 12, 13, 14, 15, 16, 17, 18, 19, 20, 21, 22, 23, 24, 25, 26, 27, 28, 29} the accuracy is 0.9490333919156415
	using feature(s) {0, 1, 2, 3, 4, 5, 6, 8, 9, 10, 11, 12, 13, 14, 15, 16, 17, 18, 19, 20, 21, 22, 23, 24, 25, 26, 27, 28, 29} the accuracy is 0.9525483304042179
	using feature(s) {0, 1, 2, 3, 4, 5, 6, 7, 9, 10, 11, 12, 13, 14, 15, 16, 17, 18, 19, 20, 21, 22, 23, 24, 25, 26, 27, 28, 29} the accuracy is 0.9507908611599297
	using feature(s) {0, 1, 2, 3, 4, 5, 6, 7, 8, 10, 11, 12, 13, 14, 15, 16, 17, 18, 19, 20, 21, 22, 23, 24, 25, 26, 27, 28, 29} the accuracy is 0.9543057996485061
	using feature(s) {0, 1, 2, 3, 4, 5, 6, 7, 8, 9, 11, 12, 13, 14, 15, 16, 17, 18, 19, 20, 21, 22, 23, 24, 25, 26, 27, 28, 29} the accuracy is 0.9543057996485061
	using feature(s) {0, 1, 2, 3, 4, 5, 6, 7, 8, 9, 10, 12, 13, 14, 15, 16, 17, 18, 19, 20, 21, 22, 23, 24, 25, 26, 27, 28, 29} the accuracy is 0.9525483304042179
	using feature(s) {0, 1, 2, 3, 4, 5, 6, 7, 8, 9, 10, 11, 13, 14, 15, 16, 17, 18, 19, 20, 21, 22, 23, 24, 25, 26, 27, 28, 29} the accuracy is 0.9525483304042179
	using feature(s) {0, 1, 2, 3, 4, 5, 6, 7, 8, 9, 10, 11, 12, 14, 15, 16, 17, 18, 19, 20, 21, 22, 23, 24, 25, 26, 27, 28, 29} the accuracy is 0.9525483304042179
	using feature(s) {0, 1, 2, 3, 4, 5, 6, 7, 8, 9, 10, 11, 12, 13, 15, 16, 17, 18, 19, 20, 21, 22, 23, 24, 25, 26, 27, 28, 29} the accuracy is 0.9578207381370826
	using feature(s) {0, 1, 2, 3, 4, 5, 6, 7, 8, 9, 10, 11, 12, 13, 14, 16, 17, 18, 19, 20, 21, 22, 23, 24, 25, 26, 27, 28, 29} the accuracy is 0.9525483304042179
	using feature(s) {0, 1, 2, 3, 4, 5, 6, 7, 8, 9, 10, 11, 12, 13, 14, 15, 17, 18, 19, 20, 21, 22, 23, 24, 25, 26, 27, 28, 29} the accuracy is 0.9525483304042179
	using feature(s) {0, 1, 2, 3, 4, 5, 6, 7, 8, 9, 10, 11, 12, 13, 14, 15, 16, 18, 19, 20, 21, 22, 23, 24, 25, 26, 27, 28, 29} the accuracy is 0.9490333919156415
	using feature(s) {0, 1, 2, 3, 4, 5, 6, 7, 8, 9, 10, 11, 12, 13, 14, 15, 16, 17, 19, 20, 21, 22, 23, 24, 25, 26, 27, 28, 29} the accuracy is 0.9472759226713533
	using feature(s) {0, 1, 2, 3, 4, 5, 6, 7, 8, 9, 10, 11, 12, 13, 14, 15, 16, 17, 18, 20, 21, 22, 23, 24, 25, 26, 27, 28, 29} the accuracy is 0.9507908611599297
	using feature(s) {0, 1, 2, 3, 4, 5, 6, 7, 8, 9, 10, 11, 12, 13, 14, 15, 16, 17, 18, 19, 21, 22, 23, 24, 25, 26, 27, 28, 29} the accuracy is 0.9525483304042179
	using feature(s) {0, 1, 2, 3, 4, 5, 6, 7, 8, 9, 10, 11, 12, 13, 14, 15, 16, 17, 18, 19, 20, 22, 23, 24, 25, 26, 27, 28, 29} the accuracy is 0.9525483304042179
	using feature(s) {0, 1, 2, 3, 4, 5, 6, 7, 8, 9, 10, 11, 12, 13, 14, 15, 16, 17, 18, 19, 20, 21, 23, 24, 25, 26, 27, 28, 29} the accuracy is 0.9525483304042179
	using feature(s) {0, 1, 2, 3, 4, 5, 6, 7, 8, 9, 10, 11, 12, 13, 14, 15, 16, 17, 18, 19, 20, 21, 22, 24, 25, 26, 27, 28, 29} the accuracy is 0.9525483304042179
	using feature(s) {0, 1, 2, 3, 4, 5, 6, 7, 8, 9, 10, 11, 12, 13, 14, 15, 16, 17, 18, 19, 20, 21, 22, 23, 25, 26, 27, 28, 29} the accuracy is 0.9472759226713533
	using feature(s) {0, 1, 2, 3, 4, 5, 6, 7, 8, 9, 10, 11, 12, 13, 14, 15, 16, 17, 18, 19, 20, 21, 22, 23, 24, 26, 27, 28, 29} the accuracy is 0.9472759226713533
	using feature(s) {0, 1, 2, 3, 4, 5, 6, 7, 8, 9, 10, 11, 12, 13, 14, 15, 16, 17, 18, 19, 20, 21, 22, 23, 24, 25, 27, 28, 29} the accuracy is 0.945518453427065
	using feature(s) {0, 1, 2, 3, 4, 5, 6, 7, 8, 9, 10, 11, 12, 13, 14, 15, 16, 17, 18, 19, 20, 21, 22, 23, 24, 25, 26, 28, 29} the accuracy is 0.9525483304042179
	using feature(s) {0, 1, 2, 3, 4, 5, 6, 7, 8, 9, 10, 11, 12, 13, 14, 15, 16, 17, 18, 19, 20, 21, 22, 23, 24, 25, 26, 27, 29} the accuracy is 0.9595782073813708
	using feature(s) {0, 1, 2, 3, 4, 5, 6, 7, 8, 9, 10, 11, 12, 13, 14, 15, 16, 17, 18, 19, 20, 21, 22, 23, 24, 25, 26, 27, 28} the accuracy is 0.9472759226713533

best accuracy was 0.9595782073813708 with feature(s) {0, 1, 2, 3, 4, 5, 6, 7, 8, 9, 10, 11, 12, 13, 14, 15, 16, 17, 18, 19, 20, 21, 22, 23, 24, 25, 26, 27, 29} (removed feature 28)

	using feature(s) {1, 2, 3, 4, 5, 6, 7, 8, 9, 10, 11, 12, 13, 14, 15, 16, 17, 18, 19, 20, 21, 22, 23, 24, 25, 26, 27, 29} the accuracy is 0.9595782073813708
	using feature(s) {0, 2, 3, 4, 5, 6, 7, 8, 9, 10, 11, 12, 13, 14, 15, 16, 17, 18, 19, 20, 21, 22, 23, 24, 25, 26, 27, 29} the accuracy is 0.9578207381370826
	using feature(s) {0, 1, 3, 4, 5, 6, 7, 8, 9, 10, 11, 12, 13, 14, 15, 16, 17, 18, 19, 20, 21, 22, 23, 24, 25, 26, 27, 29} the accuracy is 0.9595782073813708
	using feature(s) {0, 1, 2, 4, 5, 6, 7, 8, 9, 10, 11, 12, 13, 14, 15, 16, 17, 18, 19, 20, 21, 22, 23, 24, 25, 26, 27, 29} the accuracy is 0.9595782073813708
	using feature(s) {0, 1, 2, 3, 5, 6, 7, 8, 9, 10, 11, 12, 13, 14, 15, 16, 17, 18, 19, 20, 21, 22, 23, 24, 25, 26, 27, 29} the accuracy is 0.9525483304042179
	using feature(s) {0, 1, 2, 3, 4, 6, 7, 8, 9, 10, 11, 12, 13, 14, 15, 16, 17, 18, 19, 20, 21, 22, 23, 24, 25, 26, 27, 29} the accuracy is 0.9595782073813708
	using feature(s) {0, 1, 2, 3, 4, 5, 7, 8, 9, 10, 11, 12, 13, 14, 15, 16, 17, 18, 19, 20, 21, 22, 23, 24, 25, 26, 27, 29} the accuracy is 0.9595782073813708
	using feature(s) {0, 1, 2, 3, 4, 5, 6, 8, 9, 10, 11, 12, 13, 14, 15, 16, 17, 18, 19, 20, 21, 22, 23, 24, 25, 26, 27, 29} the accuracy is 0.9578207381370826
	using feature(s) {0, 1, 2, 3, 4, 5, 6, 7, 9, 10, 11, 12, 13, 14, 15, 16, 17, 18, 19, 20, 21, 22, 23, 24, 25, 26, 27, 29} the accuracy is 0.9666080843585237
	using feature(s) {0, 1, 2, 3, 4, 5, 6, 7, 8, 10, 11, 12, 13, 14, 15, 16, 17, 18, 19, 20, 21, 22, 23, 24, 25, 26, 27, 29} the accuracy is 0.961335676625659
	using feature(s) {0, 1, 2, 3, 4, 5, 6, 7, 8, 9, 11, 12, 13, 14, 15, 16, 17, 18, 19, 20, 21, 22, 23, 24, 25, 26, 27, 29} the accuracy is 0.9648506151142355
	using feature(s) {0, 1, 2, 3, 4, 5, 6, 7, 8, 9, 10, 12, 13, 14, 15, 16, 17, 18, 19, 20, 21, 22, 23, 24, 25, 26, 27, 29} the accuracy is 0.961335676625659
	using feature(s) {0, 1, 2, 3, 4, 5, 6, 7, 8, 9, 10, 11, 13, 14, 15, 16, 17, 18, 19, 20, 21, 22, 23, 24, 25, 26, 27, 29} the accuracy is 0.9648506151142355
	using feature(s) {0, 1, 2, 3, 4, 5, 6, 7, 8, 9, 10, 11, 12, 14, 15, 16, 17, 18, 19, 20, 21, 22, 23, 24, 25, 26, 27, 29} the accuracy is 0.9595782073813708
	using feature(s) {0, 1, 2, 3, 4, 5, 6, 7, 8, 9, 10, 11, 12, 13, 15, 16, 17, 18, 19, 20, 21, 22, 23, 24, 25, 26, 27, 29} the accuracy is 0.961335676625659
	using feature(s) {0, 1, 2, 3, 4, 5, 6, 7, 8, 9, 10, 11, 12, 13, 14, 16, 17, 18, 19, 20, 21, 22, 23, 24, 25, 26, 27, 29} the accuracy is 0.9595782073813708
	using feature(s) {0, 1, 2, 3, 4, 5, 6, 7, 8, 9, 10, 11, 12, 13, 14, 15, 17, 18, 19, 20, 21, 22, 23, 24, 25, 26, 27, 29} the accuracy is 0.961335676625659
	using feature(s) {0, 1, 2, 3, 4, 5, 6, 7, 8, 9, 10, 11, 12, 13, 14, 15, 16, 18, 19, 20, 21, 22, 23, 24, 25, 26, 27, 29} the accuracy is 0.9595782073813708
	using feature(s) {0, 1, 2, 3, 4, 5, 6, 7, 8, 9, 10, 11, 12, 13, 14, 15, 16, 17, 19, 20, 21, 22, 23, 24, 25, 26, 27, 29} the accuracy is 0.9543057996485061
	using feature(s) {0, 1, 2, 3, 4, 5, 6, 7, 8, 9, 10, 11, 12, 13, 14, 15, 16, 17, 18, 20, 21, 22, 23, 24, 25, 26, 27, 29} the accuracy is 0.9560632688927944
	using feature(s) {0, 1, 2, 3, 4, 5, 6, 7, 8, 9, 10, 11, 12, 13, 14, 15, 16, 17, 18, 19, 21, 22, 23, 24, 25, 26, 27, 29} the accuracy is 0.9595782073813708
	using feature(s) {0, 1, 2, 3, 4, 5, 6, 7, 8, 9, 10, 11, 12, 13, 14, 15, 16, 17, 18, 19, 20, 22, 23, 24, 25, 26, 27, 29} the accuracy is 0.9560632688927944
	using feature(s) {0, 1, 2, 3, 4, 5, 6, 7, 8, 9, 10, 11, 12, 13, 14, 15, 16, 17, 18, 19, 20, 21, 23, 24, 25, 26, 27, 29} the accuracy is 0.9595782073813708
	using feature(s) {0, 1, 2, 3, 4, 5, 6, 7, 8, 9, 10, 11, 12, 13, 14, 15, 16, 17, 18, 19, 20, 21, 22, 24, 25, 26, 27, 29} the accuracy is 0.9595782073813708
	using feature(s) {0, 1, 2, 3, 4, 5, 6, 7, 8, 9, 10, 11, 12, 13, 14, 15, 16, 17, 18, 19, 20, 21, 22, 23, 25, 26, 27, 29} the accuracy is 0.9490333919156415
	using feature(s) {0, 1, 2, 3, 4, 5, 6, 7, 8, 9, 10, 11, 12, 13, 14, 15, 16, 17, 18, 19, 20, 21, 22, 23, 24, 26, 27, 29} the accuracy is 0.9560632688927944
	using feature(s) {0, 1, 2, 3, 4, 5, 6, 7, 8, 9, 10, 11, 12, 13, 14, 15, 16, 17, 18, 19, 20, 21, 22, 23, 24, 25, 27, 29} the accuracy is 0.9578207381370826
	using feature(s) {0, 1, 2, 3, 4, 5, 6, 7, 8, 9, 10, 11, 12, 13, 14, 15, 16, 17, 18, 19, 20, 21, 22, 23, 24, 25, 26, 29} the accuracy is 0.9595782073813708
	using feature(s) {0, 1, 2, 3, 4, 5, 6, 7, 8, 9, 10, 11, 12, 13, 14, 15, 16, 17, 18, 19, 20, 21, 22, 23, 24, 25, 26, 27} the accuracy is 0.9630931458699473

best accuracy was 0.9666080843585237 with feature(s) {0, 1, 2, 3, 4, 5, 6, 7, 9, 10, 11, 12, 13, 14, 15, 16, 17, 18, 19, 20, 21, 22, 23, 24, 25, 26, 27, 29} (removed feature 8)

	using feature(s) {1, 2, 3, 4, 5, 6, 7, 9, 10, 11, 12, 13, 14, 15, 16, 17, 18, 19, 20, 21, 22, 23, 24, 25, 26, 27, 29} the accuracy is 0.9648506151142355
	using feature(s) {0, 2, 3, 4, 5, 6, 7, 9, 10, 11, 12, 13, 14, 15, 16, 17, 18, 19, 20, 21, 22, 23, 24, 25, 26, 27, 29} the accuracy is 0.9578207381370826
	using feature(s) {0, 1, 3, 4, 5, 6, 7, 9, 10, 11, 12, 13, 14, 15, 16, 17, 18, 19, 20, 21, 22, 23, 24, 25, 26, 27, 29} the accuracy is 0.9648506151142355
	using feature(s) {0, 1, 2, 4, 5, 6, 7, 9, 10, 11, 12, 13, 14, 15, 16, 17, 18, 19, 20, 21, 22, 23, 24, 25, 26, 27, 29} the accuracy is 0.9648506151142355
	using feature(s) {0, 1, 2, 3, 5, 6, 7, 9, 10, 11, 12, 13, 14, 15, 16, 17, 18, 19, 20, 21, 22, 23, 24, 25, 26, 27, 29} the accuracy is 0.9578207381370826
	using feature(s) {0, 1, 2, 3, 4, 6, 7, 9, 10, 11, 12, 13, 14, 15, 16, 17, 18, 19, 20, 21, 22, 23, 24, 25, 26, 27, 29} the accuracy is 0.9666080843585237
	using feature(s) {0, 1, 2, 3, 4, 5, 7, 9, 10, 11, 12, 13, 14, 15, 16, 17, 18, 19, 20, 21, 22, 23, 24, 25, 26, 27, 29} the accuracy is 0.9648506151142355
	using feature(s) {0, 1, 2, 3, 4, 5, 6, 9, 10, 11, 12, 13, 14, 15, 16, 17, 18, 19, 20, 21, 22, 23, 24, 25, 26, 27, 29} the accuracy is 0.9630931458699473
	using feature(s) {0, 1, 2, 3, 4, 5, 6, 7, 10, 11, 12, 13, 14, 15, 16, 17, 18, 19, 20, 21, 22, 23, 24, 25, 26, 27, 29} the accuracy is 0.9701230228471002
	using feature(s) {0, 1, 2, 3, 4, 5, 6, 7, 9, 11, 12, 13, 14, 15, 16, 17, 18, 19, 20, 21, 22, 23, 24, 25, 26, 27, 29} the accuracy is 0.961335676625659
	using feature(s) {0, 1, 2, 3, 4, 5, 6, 7, 9, 10, 12, 13, 14, 15, 16, 17, 18, 19, 20, 21, 22, 23, 24, 25, 26, 27, 29} the accuracy is 0.9595782073813708
	using feature(s) {0, 1, 2, 3, 4, 5, 6, 7, 9, 10, 11, 13, 14, 15, 16, 17, 18, 19, 20, 21, 22, 23, 24, 25, 26, 27, 29} the accuracy is 0.9630931458699473
	using feature(s) {0, 1, 2, 3, 4, 5, 6, 7, 9, 10, 11, 12, 14, 15, 16, 17, 18, 19, 20, 21, 22, 23, 24, 25, 26, 27, 29} the accuracy is 0.961335676625659
	using feature(s) {0, 1, 2, 3, 4, 5, 6, 7, 9, 10, 11, 12, 13, 15, 16, 17, 18, 19, 20, 21, 22, 23, 24, 25, 26, 27, 29} the accuracy is 0.9666080843585237
	using feature(s) {0, 1, 2, 3, 4, 5, 6, 7, 9, 10, 11, 12, 13, 14, 16, 17, 18, 19, 20, 21, 22, 23, 24, 25, 26, 27, 29} the accuracy is 0.9630931458699473
	using feature(s) {0, 1, 2, 3, 4, 5, 6, 7, 9, 10, 11, 12, 13, 14, 15, 17, 18, 19, 20, 21, 22, 23, 24, 25, 26, 27, 29} the accuracy is 0.968365553602812
	using feature(s) {0, 1, 2, 3, 4, 5, 6, 7, 9, 10, 11, 12, 13, 14, 15, 16, 18, 19, 20, 21, 22, 23, 24, 25, 26, 27, 29} the accuracy is 0.968365553602812
	using feature(s) {0, 1, 2, 3, 4, 5, 6, 7, 9, 10, 11, 12, 13, 14, 15, 16, 17, 19, 20, 21, 22, 23, 24, 25, 26, 27, 29} the accuracy is 0.9595782073813708
	using feature(s) {0, 1, 2, 3, 4, 5, 6, 7, 9, 10, 11, 12, 13, 14, 15, 16, 17, 18, 20, 21, 22, 23, 24, 25, 26, 27, 29} the accuracy is 0.961335676625659
	using feature(s) {0, 1, 2, 3, 4, 5, 6, 7, 9, 10, 11, 12, 13, 14, 15, 16, 17, 18, 19, 21, 22, 23, 24, 25, 26, 27, 29} the accuracy is 0.9666080843585237
	using feature(s) {0, 1, 2, 3, 4, 5, 6, 7, 9, 10, 11, 12, 13, 14, 15, 16, 17, 18, 19, 20, 22, 23, 24, 25, 26, 27, 29} the accuracy is 0.9630931458699473
	using feature(s) {0, 1, 2, 3, 4, 5, 6, 7, 9, 10, 11, 12, 13, 14, 15, 16, 17, 18, 19, 20, 21, 23, 24, 25, 26, 27, 29} the accuracy is 0.9666080843585237
	using feature(s) {0, 1, 2, 3, 4, 5, 6, 7, 9, 10, 11, 12, 13, 14, 15, 16, 17, 18, 19, 20, 21, 22, 24, 25, 26, 27, 29} the accuracy is 0.9666080843585237
	using feature(s) {0, 1, 2, 3, 4, 5, 6, 7, 9, 10, 11, 12, 13, 14, 15, 16, 17, 18, 19, 20, 21, 22, 23, 25, 26, 27, 29} the accuracy is 0.9525483304042179
	using feature(s) {0, 1, 2, 3, 4, 5, 6, 7, 9, 10, 11, 12, 13, 14, 15, 16, 17, 18, 19, 20, 21, 22, 23, 24, 26, 27, 29} the accuracy is 0.9648506151142355
	using feature(s) {0, 1, 2, 3, 4, 5, 6, 7, 9, 10, 11, 12, 13, 14, 15, 16, 17, 18, 19, 20, 21, 22, 23, 24, 25, 27, 29} the accuracy is 0.9595782073813708
	using feature(s) {0, 1, 2, 3, 4, 5, 6, 7, 9, 10, 11, 12, 13, 14, 15, 16, 17, 18, 19, 20, 21, 22, 23, 24, 25, 26, 29} the accuracy is 0.9630931458699473
	using feature(s) {0, 1, 2, 3, 4, 5, 6, 7, 9, 10, 11, 12, 13, 14, 15, 16, 17, 18, 19, 20, 21, 22, 23, 24, 25, 26, 27} the accuracy is 0.9630931458699473

best accuracy was 0.9701230228471002 with feature(s) {0, 1, 2, 3, 4, 5, 6, 7, 10, 11, 12, 13, 14, 15, 16, 17, 18, 19, 20, 21, 22, 23, 24, 25, 26, 27, 29} (removed feature 9)

	using feature(s) {1, 2, 3, 4, 5, 6, 7, 10, 11, 12, 13, 14, 15, 16, 17, 18, 19, 20, 21, 22, 23, 24, 25, 26, 27, 29} the accuracy is 0.968365553602812
	using feature(s) {0, 2, 3, 4, 5, 6, 7, 10, 11, 12, 13, 14, 15, 16, 17, 18, 19, 20, 21, 22, 23, 24, 25, 26, 27, 29} the accuracy is 0.961335676625659
	using feature(s) {0, 1, 3, 4, 5, 6, 7, 10, 11, 12, 13, 14, 15, 16, 17, 18, 19, 20, 21, 22, 23, 24, 25, 26, 27, 29} the accuracy is 0.968365553602812
	using feature(s) {0, 1, 2, 4, 5, 6, 7, 10, 11, 12, 13, 14, 15, 16, 17, 18, 19, 20, 21, 22, 23, 24, 25, 26, 27, 29} the accuracy is 0.968365553602812
	using feature(s) {0, 1, 2, 3, 5, 6, 7, 10, 11, 12, 13, 14, 15, 16, 17, 18, 19, 20, 21, 22, 23, 24, 25, 26, 27, 29} the accuracy is 0.9630931458699473
	using feature(s) {0, 1, 2, 3, 4, 6, 7, 10, 11, 12, 13, 14, 15, 16, 17, 18, 19, 20, 21, 22, 23, 24, 25, 26, 27, 29} the accuracy is 0.9701230228471002
	using feature(s) {0, 1, 2, 3, 4, 5, 7, 10, 11, 12, 13, 14, 15, 16, 17, 18, 19, 20, 21, 22, 23, 24, 25, 26, 27, 29} the accuracy is 0.9666080843585237
	using feature(s) {0, 1, 2, 3, 4, 5, 6, 10, 11, 12, 13, 14, 15, 16, 17, 18, 19, 20, 21, 22, 23, 24, 25, 26, 27, 29} the accuracy is 0.9648506151142355
	using feature(s) {0, 1, 2, 3, 4, 5, 6, 7, 11, 12, 13, 14, 15, 16, 17, 18, 19, 20, 21, 22, 23, 24, 25, 26, 27, 29} the accuracy is 0.9630931458699473
	using feature(s) {0, 1, 2, 3, 4, 5, 6, 7, 10, 12, 13, 14, 15, 16, 17, 18, 19, 20, 21, 22, 23, 24, 25, 26, 27, 29} the accuracy is 0.961335676625659
	using feature(s) {0, 1, 2, 3, 4, 5, 6, 7, 10, 11, 13, 14, 15, 16, 17, 18, 19, 20, 21, 22, 23, 24, 25, 26, 27, 29} the accuracy is 0.9648506151142355
	using feature(s) {0, 1, 2, 3, 4, 5, 6, 7, 10, 11, 12, 14, 15, 16, 17, 18, 19, 20, 21, 22, 23, 24, 25, 26, 27, 29} the accuracy is 0.9666080843585237
	using feature(s) {0, 1, 2, 3, 4, 5, 6, 7, 10, 11, 12, 13, 15, 16, 17, 18, 19, 20, 21, 22, 23, 24, 25, 26, 27, 29} the accuracy is 0.9648506151142355
	using feature(s) {0, 1, 2, 3, 4, 5, 6, 7, 10, 11, 12, 13, 14, 16, 17, 18, 19, 20, 21, 22, 23, 24, 25, 26, 27, 29} the accuracy is 0.9666080843585237
	using feature(s) {0, 1, 2, 3, 4, 5, 6, 7, 10, 11, 12, 13, 14, 15, 17, 18, 19, 20, 21, 22, 23, 24, 25, 26, 27, 29} the accuracy is 0.9666080843585237
	using feature(s) {0, 1, 2, 3, 4, 5, 6, 7, 10, 11, 12, 13, 14, 15, 16, 18, 19, 20, 21, 22, 23, 24, 25, 26, 27, 29} the accuracy is 0.9701230228471002
	using feature(s) {0, 1, 2, 3, 4, 5, 6, 7, 10, 11, 12, 13, 14, 15, 16, 17, 19, 20, 21, 22, 23, 24, 25, 26, 27, 29} the accuracy is 0.9595782073813708
	using feature(s) {0, 1, 2, 3, 4, 5, 6, 7, 10, 11, 12, 13, 14, 15, 16, 17, 18, 20, 21, 22, 23, 24, 25, 26, 27, 29} the accuracy is 0.9648506151142355
	using feature(s) {0, 1, 2, 3, 4, 5, 6, 7, 10, 11, 12, 13, 14, 15, 16, 17, 18, 19, 21, 22, 23, 24, 25, 26, 27, 29} the accuracy is 0.968365553602812
	using feature(s) {0, 1, 2, 3, 4, 5, 6, 7, 10, 11, 12, 13, 14, 15, 16, 17, 18, 19, 20, 22, 23, 24, 25, 26, 27, 29} the accuracy is 0.9630931458699473
	using feature(s) {0, 1, 2, 3, 4, 5, 6, 7, 10, 11, 12, 13, 14, 15, 16, 17, 18, 19, 20, 21, 23, 24, 25, 26, 27, 29} the accuracy is 0.9701230228471002
	using feature(s) {0, 1, 2, 3, 4, 5, 6, 7, 10, 11, 12, 13, 14, 15, 16, 17, 18, 19, 20, 21, 22, 24, 25, 26, 27, 29} the accuracy is 0.9701230228471002
	using feature(s) {0, 1, 2, 3, 4, 5, 6, 7, 10, 11, 12, 13, 14, 15, 16, 17, 18, 19, 20, 21, 22, 23, 25, 26, 27, 29} the accuracy is 0.9595782073813708
	using feature(s) {0, 1, 2, 3, 4, 5, 6, 7, 10, 11, 12, 13, 14, 15, 16, 17, 18, 19, 20, 21, 22, 23, 24, 26, 27, 29} the accuracy is 0.9648506151142355
	using feature(s) {0, 1, 2, 3, 4, 5, 6, 7, 10, 11, 12, 13, 14, 15, 16, 17, 18, 19, 20, 21, 22, 23, 24, 25, 27, 29} the accuracy is 0.9560632688927944
	using feature(s) {0, 1, 2, 3, 4, 5, 6, 7, 10, 11, 12, 13, 14, 15, 16, 17, 18, 19, 20, 21, 22, 23, 24, 25, 26, 29} the accuracy is 0.9648506151142355
	using feature(s) {0, 1, 2, 3, 4, 5, 6, 7, 10, 11, 12, 13, 14, 15, 16, 17, 18, 19, 20, 21, 22, 23, 24, 25, 26, 27} the accuracy is 0.9648506151142355
Accuracy has decreased! (0.9701230228471002 -> 0.9701230228471002) Continuing with the best feature from this depth in case of local minima

best accuracy was 0.9701230228471002 with feature(s) {0, 1, 2, 3, 4, 6, 7, 10, 11, 12, 13, 14, 15, 16, 17, 18, 19, 20, 21, 22, 23, 24, 25, 26, 27, 29} (removed feature 5)

	using feature(s) {1, 2, 3, 4, 6, 7, 10, 11, 12, 13, 14, 15, 16, 17, 18, 19, 20, 21, 22, 23, 24, 25, 26, 27, 29} the accuracy is 0.968365553602812
	using feature(s) {0, 2, 3, 4, 6, 7, 10, 11, 12, 13, 14, 15, 16, 17, 18, 19, 20, 21, 22, 23, 24, 25, 26, 27, 29} the accuracy is 0.9648506151142355
	using feature(s) {0, 1, 3, 4, 6, 7, 10, 11, 12, 13, 14, 15, 16, 17, 18, 19, 20, 21, 22, 23, 24, 25, 26, 27, 29} the accuracy is 0.968365553602812
	using feature(s) {0, 1, 2, 4, 6, 7, 10, 11, 12, 13, 14, 15, 16, 17, 18, 19, 20, 21, 22, 23, 24, 25, 26, 27, 29} the accuracy is 0.968365553602812
	using feature(s) {0, 1, 2, 3, 6, 7, 10, 11, 12, 13, 14, 15, 16, 17, 18, 19, 20, 21, 22, 23, 24, 25, 26, 27, 29} the accuracy is 0.9630931458699473
	using feature(s) {0, 1, 2, 3, 4, 7, 10, 11, 12, 13, 14, 15, 16, 17, 18, 19, 20, 21, 22, 23, 24, 25, 26, 27, 29} the accuracy is 0.9666080843585237
	using feature(s) {0, 1, 2, 3, 4, 6, 10, 11, 12, 13, 14, 15, 16, 17, 18, 19, 20, 21, 22, 23, 24, 25, 26, 27, 29} the accuracy is 0.9648506151142355
	using feature(s) {0, 1, 2, 3, 4, 6, 7, 11, 12, 13, 14, 15, 16, 17, 18, 19, 20, 21, 22, 23, 24, 25, 26, 27, 29} the accuracy is 0.9648506151142355
	using feature(s) {0, 1, 2, 3, 4, 6, 7, 10, 12, 13, 14, 15, 16, 17, 18, 19, 20, 21, 22, 23, 24, 25, 26, 27, 29} the accuracy is 0.9648506151142355
	using feature(s) {0, 1, 2, 3, 4, 6, 7, 10, 11, 13, 14, 15, 16, 17, 18, 19, 20, 21, 22, 23, 24, 25, 26, 27, 29} the accuracy is 0.968365553602812
	using feature(s) {0, 1, 2, 3, 4, 6, 7, 10, 11, 12, 14, 15, 16, 17, 18, 19, 20, 21, 22, 23, 24, 25, 26, 27, 29} the accuracy is 0.968365553602812
	using feature(s) {0, 1, 2, 3, 4, 6, 7, 10, 11, 12, 13, 15, 16, 17, 18, 19, 20, 21, 22, 23, 24, 25, 26, 27, 29} the accuracy is 0.968365553602812
	using feature(s) {0, 1, 2, 3, 4, 6, 7, 10, 11, 12, 13, 14, 16, 17, 18, 19, 20, 21, 22, 23, 24, 25, 26, 27, 29} the accuracy is 0.968365553602812
	using feature(s) {0, 1, 2, 3, 4, 6, 7, 10, 11, 12, 13, 14, 15, 17, 18, 19, 20, 21, 22, 23, 24, 25, 26, 27, 29} the accuracy is 0.968365553602812
	using feature(s) {0, 1, 2, 3, 4, 6, 7, 10, 11, 12, 13, 14, 15, 16, 18, 19, 20, 21, 22, 23, 24, 25, 26, 27, 29} the accuracy is 0.968365553602812
	using feature(s) {0, 1, 2, 3, 4, 6, 7, 10, 11, 12, 13, 14, 15, 16, 17, 19, 20, 21, 22, 23, 24, 25, 26, 27, 29} the accuracy is 0.9648506151142355
	using feature(s) {0, 1, 2, 3, 4, 6, 7, 10, 11, 12, 13, 14, 15, 16, 17, 18, 20, 21, 22, 23, 24, 25, 26, 27, 29} the accuracy is 0.968365553602812
	using feature(s) {0, 1, 2, 3, 4, 6, 7, 10, 11, 12, 13, 14, 15, 16, 17, 18, 19, 21, 22, 23, 24, 25, 26, 27, 29} the accuracy is 0.968365553602812
	using feature(s) {0, 1, 2, 3, 4, 6, 7, 10, 11, 12, 13, 14, 15, 16, 17, 18, 19, 20, 22, 23, 24, 25, 26, 27, 29} the accuracy is 0.9666080843585237
	using feature(s) {0, 1, 2, 3, 4, 6, 7, 10, 11, 12, 13, 14, 15, 16, 17, 18, 19, 20, 21, 23, 24, 25, 26, 27, 29} the accuracy is 0.9701230228471002
	using feature(s) {0, 1, 2, 3, 4, 6, 7, 10, 11, 12, 13, 14, 15, 16, 17, 18, 19, 20, 21, 22, 24, 25, 26, 27, 29} the accuracy is 0.968365553602812
	using feature(s) {0, 1, 2, 3, 4, 6, 7, 10, 11, 12, 13, 14, 15, 16, 17, 18, 19, 20, 21, 22, 23, 25, 26, 27, 29} the accuracy is 0.9630931458699473
	using feature(s) {0, 1, 2, 3, 4, 6, 7, 10, 11, 12, 13, 14, 15, 16, 17, 18, 19, 20, 21, 22, 23, 24, 26, 27, 29} the accuracy is 0.968365553602812
	using feature(s) {0, 1, 2, 3, 4, 6, 7, 10, 11, 12, 13, 14, 15, 16, 17, 18, 19, 20, 21, 22, 23, 24, 25, 27, 29} the accuracy is 0.9630931458699473
	using feature(s) {0, 1, 2, 3, 4, 6, 7, 10, 11, 12, 13, 14, 15, 16, 17, 18, 19, 20, 21, 22, 23, 24, 25, 26, 29} the accuracy is 0.9648506151142355
	using feature(s) {0, 1, 2, 3, 4, 6, 7, 10, 11, 12, 13, 14, 15, 16, 17, 18, 19, 20, 21, 22, 23, 24, 25, 26, 27} the accuracy is 0.9648506151142355
Accuracy has decreased! (0.9701230228471002 -> 0.9701230228471002) Continuing with the best feature from this depth in case of local minima

best accuracy was 0.9701230228471002 with feature(s) {0, 1, 2, 3, 4, 6, 7, 10, 11, 12, 13, 14, 15, 16, 17, 18, 19, 20, 21, 23, 24, 25, 26, 27, 29} (removed feature 22)

	using feature(s) {1, 2, 3, 4, 6, 7, 10, 11, 12, 13, 14, 15, 16, 17, 18, 19, 20, 21, 23, 24, 25, 26, 27, 29} the accuracy is 0.9648506151142355
	using feature(s) {0, 2, 3, 4, 6, 7, 10, 11, 12, 13, 14, 15, 16, 17, 18, 19, 20, 21, 23, 24, 25, 26, 27, 29} the accuracy is 0.9648506151142355
	using feature(s) {0, 1, 3, 4, 6, 7, 10, 11, 12, 13, 14, 15, 16, 17, 18, 19, 20, 21, 23, 24, 25, 26, 27, 29} the accuracy is 0.968365553602812
	using feature(s) {0, 1, 2, 4, 6, 7, 10, 11, 12, 13, 14, 15, 16, 17, 18, 19, 20, 21, 23, 24, 25, 26, 27, 29} the accuracy is 0.9666080843585237
	using feature(s) {0, 1, 2, 3, 6, 7, 10, 11, 12, 13, 14, 15, 16, 17, 18, 19, 20, 21, 23, 24, 25, 26, 27, 29} the accuracy is 0.9648506151142355
	using feature(s) {0, 1, 2, 3, 4, 7, 10, 11, 12, 13, 14, 15, 16, 17, 18, 19, 20, 21, 23, 24, 25, 26, 27, 29} the accuracy is 0.968365553602812
	using feature(s) {0, 1, 2, 3, 4, 6, 10, 11, 12, 13, 14, 15, 16, 17, 18, 19, 20, 21, 23, 24, 25, 26, 27, 29} the accuracy is 0.9666080843585237
	using feature(s) {0, 1, 2, 3, 4, 6, 7, 11, 12, 13, 14, 15, 16, 17, 18, 19, 20, 21, 23, 24, 25, 26, 27, 29} the accuracy is 0.9648506151142355
	using feature(s) {0, 1, 2, 3, 4, 6, 7, 10, 12, 13, 14, 15, 16, 17, 18, 19, 20, 21, 23, 24, 25, 26, 27, 29} the accuracy is 0.9666080843585237
	using feature(s) {0, 1, 2, 3, 4, 6, 7, 10, 11, 13, 14, 15, 16, 17, 18, 19, 20, 21, 23, 24, 25, 26, 27, 29} the accuracy is 0.968365553602812
	using feature(s) {0, 1, 2, 3, 4, 6, 7, 10, 11, 12, 14, 15, 16, 17, 18, 19, 20, 21, 23, 24, 25, 26, 27, 29} the accuracy is 0.968365553602812
	using feature(s) {0, 1, 2, 3, 4, 6, 7, 10, 11, 12, 13, 15, 16, 17, 18, 19, 20, 21, 23, 24, 25, 26, 27, 29} the accuracy is 0.9701230228471002
	using feature(s) {0, 1, 2, 3, 4, 6, 7, 10, 11, 12, 13, 14, 16, 17, 18, 19, 20, 21, 23, 24, 25, 26, 27, 29} the accuracy is 0.9701230228471002
	using feature(s) {0, 1, 2, 3, 4, 6, 7, 10, 11, 12, 13, 14, 15, 17, 18, 19, 20, 21, 23, 24, 25, 26, 27, 29} the accuracy is 0.9701230228471002
	using feature(s) {0, 1, 2, 3, 4, 6, 7, 10, 11, 12, 13, 14, 15, 16, 18, 19, 20, 21, 23, 24, 25, 26, 27, 29} the accuracy is 0.9666080843585237
	using feature(s) {0, 1, 2, 3, 4, 6, 7, 10, 11, 12, 13, 14, 15, 16, 17, 19, 20, 21, 23, 24, 25, 26, 27, 29} the accuracy is 0.9648506151142355
	using feature(s) {0, 1, 2, 3, 4, 6, 7, 10, 11, 12, 13, 14, 15, 16, 17, 18, 20, 21, 23, 24, 25, 26, 27, 29} the accuracy is 0.968365553602812
	using feature(s) {0, 1, 2, 3, 4, 6, 7, 10, 11, 12, 13, 14, 15, 16, 17, 18, 19, 21, 23, 24, 25, 26, 27, 29} the accuracy is 0.968365553602812
	using feature(s) {0, 1, 2, 3, 4, 6, 7, 10, 11, 12, 13, 14, 15, 16, 17, 18, 19, 20, 23, 24, 25, 26, 27, 29} the accuracy is 0.9666080843585237
	using feature(s) {0, 1, 2, 3, 4, 6, 7, 10, 11, 12, 13, 14, 15, 16, 17, 18, 19, 20, 21, 24, 25, 26, 27, 29} the accuracy is 0.968365553602812
	using feature(s) {0, 1, 2, 3, 4, 6, 7, 10, 11, 12, 13, 14, 15, 16, 17, 18, 19, 20, 21, 23, 25, 26, 27, 29} the accuracy is 0.968365553602812
	using feature(s) {0, 1, 2, 3, 4, 6, 7, 10, 11, 12, 13, 14, 15, 16, 17, 18, 19, 20, 21, 23, 24, 26, 27, 29} the accuracy is 0.968365553602812
	using feature(s) {0, 1, 2, 3, 4, 6, 7, 10, 11, 12, 13, 14, 15, 16, 17, 18, 19, 20, 21, 23, 24, 25, 27, 29} the accuracy is 0.968365553602812
	using feature(s) {0, 1, 2, 3, 4, 6, 7, 10, 11, 12, 13, 14, 15, 16, 17, 18, 19, 20, 21, 23, 24, 25, 26, 29} the accuracy is 0.9666080843585237
	using feature(s) {0, 1, 2, 3, 4, 6, 7, 10, 11, 12, 13, 14, 15, 16, 17, 18, 19, 20, 21, 23, 24, 25, 26, 27} the accuracy is 0.968365553602812
Accuracy has decreased! (0.9701230228471002 -> 0.9701230228471002) Continuing with the best feature from this depth in case of local minima

best accuracy was 0.9701230228471002 with feature(s) {0, 1, 2, 3, 4, 6, 7, 10, 11, 12, 13, 15, 16, 17, 18, 19, 20, 21, 23, 24, 25, 26, 27, 29} (removed feature 14)

	using feature(s) {1, 2, 3, 4, 6, 7, 10, 11, 12, 13, 15, 16, 17, 18, 19, 20, 21, 23, 24, 25, 26, 27, 29} the accuracy is 0.968365553602812
	using feature(s) {0, 2, 3, 4, 6, 7, 10, 11, 12, 13, 15, 16, 17, 18, 19, 20, 21, 23, 24, 25, 26, 27, 29} the accuracy is 0.9666080843585237
	using feature(s) {0, 1, 3, 4, 6, 7, 10, 11, 12, 13, 15, 16, 17, 18, 19, 20, 21, 23, 24, 25, 26, 27, 29} the accuracy is 0.9701230228471002
	using feature(s) {0, 1, 2, 4, 6, 7, 10, 11, 12, 13, 15, 16, 17, 18, 19, 20, 21, 23, 24, 25, 26, 27, 29} the accuracy is 0.9701230228471002
	using feature(s) {0, 1, 2, 3, 6, 7, 10, 11, 12, 13, 15, 16, 17, 18, 19, 20, 21, 23, 24, 25, 26, 27, 29} the accuracy is 0.961335676625659
	using feature(s) {0, 1, 2, 3, 4, 7, 10, 11, 12, 13, 15, 16, 17, 18, 19, 20, 21, 23, 24, 25, 26, 27, 29} the accuracy is 0.9666080843585237
	using feature(s) {0, 1, 2, 3, 4, 6, 10, 11, 12, 13, 15, 16, 17, 18, 19, 20, 21, 23, 24, 25, 26, 27, 29} the accuracy is 0.9666080843585237
	using feature(s) {0, 1, 2, 3, 4, 6, 7, 11, 12, 13, 15, 16, 17, 18, 19, 20, 21, 23, 24, 25, 26, 27, 29} the accuracy is 0.9648506151142355
	using feature(s) {0, 1, 2, 3, 4, 6, 7, 10, 12, 13, 15, 16, 17, 18, 19, 20, 21, 23, 24, 25, 26, 27, 29} the accuracy is 0.9701230228471002
	using feature(s) {0, 1, 2, 3, 4, 6, 7, 10, 11, 13, 15, 16, 17, 18, 19, 20, 21, 23, 24, 25, 26, 27, 29} the accuracy is 0.968365553602812
	using feature(s) {0, 1, 2, 3, 4, 6, 7, 10, 11, 12, 15, 16, 17, 18, 19, 20, 21, 23, 24, 25, 26, 27, 29} the accuracy is 0.9718804920913884
	using feature(s) {0, 1, 2, 3, 4, 6, 7, 10, 11, 12, 13, 16, 17, 18, 19, 20, 21, 23, 24, 25, 26, 27, 29} the accuracy is 0.9736379613356766
	using feature(s) {0, 1, 2, 3, 4, 6, 7, 10, 11, 12, 13, 15, 17, 18, 19, 20, 21, 23, 24, 25, 26, 27, 29} the accuracy is 0.9666080843585237
	using feature(s) {0, 1, 2, 3, 4, 6, 7, 10, 11, 12, 13, 15, 16, 18, 19, 20, 21, 23, 24, 25, 26, 27, 29} the accuracy is 0.968365553602812
	using feature(s) {0, 1, 2, 3, 4, 6, 7, 10, 11, 12, 13, 15, 16, 17, 19, 20, 21, 23, 24, 25, 26, 27, 29} the accuracy is 0.9630931458699473
	using feature(s) {0, 1, 2, 3, 4, 6, 7, 10, 11, 12, 13, 15, 16, 17, 18, 20, 21, 23, 24, 25, 26, 27, 29} the accuracy is 0.9666080843585237
	using feature(s) {0, 1, 2, 3, 4, 6, 7, 10, 11, 12, 13, 15, 16, 17, 18, 19, 21, 23, 24, 25, 26, 27, 29} the accuracy is 0.9718804920913884
	using feature(s) {0, 1, 2, 3, 4, 6, 7, 10, 11, 12, 13, 15, 16, 17, 18, 19, 20, 23, 24, 25, 26, 27, 29} the accuracy is 0.9753954305799648
	using feature(s) {0, 1, 2, 3, 4, 6, 7, 10, 11, 12, 13, 15, 16, 17, 18, 19, 20, 21, 24, 25, 26, 27, 29} the accuracy is 0.9718804920913884
	using feature(s) {0, 1, 2, 3, 4, 6, 7, 10, 11, 12, 13, 15, 16, 17, 18, 19, 20, 21, 23, 25, 26, 27, 29} the accuracy is 0.9666080843585237
	using feature(s) {0, 1, 2, 3, 4, 6, 7, 10, 11, 12, 13, 15, 16, 17, 18, 19, 20, 21, 23, 24, 26, 27, 29} the accuracy is 0.9666080843585237
	using feature(s) {0, 1, 2, 3, 4, 6, 7, 10, 11, 12, 13, 15, 16, 17, 18, 19, 20, 21, 23, 24, 25, 27, 29} the accuracy is 0.9666080843585237
	using feature(s) {0, 1, 2, 3, 4, 6, 7, 10, 11, 12, 13, 15, 16, 17, 18, 19, 20, 21, 23, 24, 25, 26, 29} the accuracy is 0.968365553602812
	using feature(s) {0, 1, 2, 3, 4, 6, 7, 10, 11, 12, 13, 15, 16, 17, 18, 19, 20, 21, 23, 24, 25, 26, 27} the accuracy is 0.9666080843585237

best accuracy was 0.9753954305799648 with feature(s) {0, 1, 2, 3, 4, 6, 7, 10, 11, 12, 13, 15, 16, 17, 18, 19, 20, 23, 24, 25, 26, 27, 29} (removed feature 21)

	using feature(s) {1, 2, 3, 4, 6, 7, 10, 11, 12, 13, 15, 16, 17, 18, 19, 20, 23, 24, 25, 26, 27, 29} the accuracy is 0.9718804920913884
	using feature(s) {0, 2, 3, 4, 6, 7, 10, 11, 12, 13, 15, 16, 17, 18, 19, 20, 23, 24, 25, 26, 27, 29} the accuracy is 0.9630931458699473
	using feature(s) {0, 1, 3, 4, 6, 7, 10, 11, 12, 13, 15, 16, 17, 18, 19, 20, 23, 24, 25, 26, 27, 29} the accuracy is 0.9718804920913884
	using feature(s) {0, 1, 2, 4, 6, 7, 10, 11, 12, 13, 15, 16, 17, 18, 19, 20, 23, 24, 25, 26, 27, 29} the accuracy is 0.9736379613356766
	using feature(s) {0, 1, 2, 3, 6, 7, 10, 11, 12, 13, 15, 16, 17, 18, 19, 20, 23, 24, 25, 26, 27, 29} the accuracy is 0.968365553602812
	using feature(s) {0, 1, 2, 3, 4, 7, 10, 11, 12, 13, 15, 16, 17, 18, 19, 20, 23, 24, 25, 26, 27, 29} the accuracy is 0.9701230228471002
	using feature(s) {0, 1, 2, 3, 4, 6, 10, 11, 12, 13, 15, 16, 17, 18, 19, 20, 23, 24, 25, 26, 27, 29} the accuracy is 0.9736379613356766
	using feature(s) {0, 1, 2, 3, 4, 6, 7, 11, 12, 13, 15, 16, 17, 18, 19, 20, 23, 24, 25, 26, 27, 29} the accuracy is 0.9736379613356766
	using feature(s) {0, 1, 2, 3, 4, 6, 7, 10, 12, 13, 15, 16, 17, 18, 19, 20, 23, 24, 25, 26, 27, 29} the accuracy is 0.9718804920913884
	using feature(s) {0, 1, 2, 3, 4, 6, 7, 10, 11, 13, 15, 16, 17, 18, 19, 20, 23, 24, 25, 26, 27, 29} the accuracy is 0.9753954305799648
	using feature(s) {0, 1, 2, 3, 4, 6, 7, 10, 11, 12, 15, 16, 17, 18, 19, 20, 23, 24, 25, 26, 27, 29} the accuracy is 0.9753954305799648
	using feature(s) {0, 1, 2, 3, 4, 6, 7, 10, 11, 12, 13, 16, 17, 18, 19, 20, 23, 24, 25, 26, 27, 29} the accuracy is 0.9753954305799648
	using feature(s) {0, 1, 2, 3, 4, 6, 7, 10, 11, 12, 13, 15, 17, 18, 19, 20, 23, 24, 25, 26, 27, 29} the accuracy is 0.9736379613356766
	using feature(s) {0, 1, 2, 3, 4, 6, 7, 10, 11, 12, 13, 15, 16, 18, 19, 20, 23, 24, 25, 26, 27, 29} the accuracy is 0.9666080843585237
	using feature(s) {0, 1, 2, 3, 4, 6, 7, 10, 11, 12, 13, 15, 16, 17, 19, 20, 23, 24, 25, 26, 27, 29} the accuracy is 0.9648506151142355
	using feature(s) {0, 1, 2, 3, 4, 6, 7, 10, 11, 12, 13, 15, 16, 17, 18, 20, 23, 24, 25, 26, 27, 29} the accuracy is 0.9718804920913884
	using feature(s) {0, 1, 2, 3, 4, 6, 7, 10, 11, 12, 13, 15, 16, 17, 18, 19, 23, 24, 25, 26, 27, 29} the accuracy is 0.9736379613356766
	using feature(s) {0, 1, 2, 3, 4, 6, 7, 10, 11, 12, 13, 15, 16, 17, 18, 19, 20, 24, 25, 26, 27, 29} the accuracy is 0.9736379613356766
	using feature(s) {0, 1, 2, 3, 4, 6, 7, 10, 11, 12, 13, 15, 16, 17, 18, 19, 20, 23, 25, 26, 27, 29} the accuracy is 0.9648506151142355
	using feature(s) {0, 1, 2, 3, 4, 6, 7, 10, 11, 12, 13, 15, 16, 17, 18, 19, 20, 23, 24, 26, 27, 29} the accuracy is 0.9701230228471002
	using feature(s) {0, 1, 2, 3, 4, 6, 7, 10, 11, 12, 13, 15, 16, 17, 18, 19, 20, 23, 24, 25, 27, 29} the accuracy is 0.968365553602812
	using feature(s) {0, 1, 2, 3, 4, 6, 7, 10, 11, 12, 13, 15, 16, 17, 18, 19, 20, 23, 24, 25, 26, 29} the accuracy is 0.9718804920913884
	using feature(s) {0, 1, 2, 3, 4, 6, 7, 10, 11, 12, 13, 15, 16, 17, 18, 19, 20, 23, 24, 25, 26, 27} the accuracy is 0.968365553602812
Accuracy has decreased! (0.9753954305799648 -> 0.9753954305799648) Continuing with the best feature from this depth in case of local minima

best accuracy was 0.9753954305799648 with feature(s) {0, 1, 2, 3, 4, 6, 7, 10, 11, 13, 15, 16, 17, 18, 19, 20, 23, 24, 25, 26, 27, 29} (removed feature 12)

	using feature(s) {1, 2, 3, 4, 6, 7, 10, 11, 13, 15, 16, 17, 18, 19, 20, 23, 24, 25, 26, 27, 29} the accuracy is 0.9701230228471002
	using feature(s) {0, 2, 3, 4, 6, 7, 10, 11, 13, 15, 16, 17, 18, 19, 20, 23, 24, 25, 26, 27, 29} the accuracy is 0.9595782073813708
	using feature(s) {0, 1, 3, 4, 6, 7, 10, 11, 13, 15, 16, 17, 18, 19, 20, 23, 24, 25, 26, 27, 29} the accuracy is 0.9701230228471002
	using feature(s) {0, 1, 2, 4, 6, 7, 10, 11, 13, 15, 16, 17, 18, 19, 20, 23, 24, 25, 26, 27, 29} the accuracy is 0.9718804920913884
	using feature(s) {0, 1, 2, 3, 6, 7, 10, 11, 13, 15, 16, 17, 18, 19, 20, 23, 24, 25, 26, 27, 29} the accuracy is 0.9718804920913884
	using feature(s) {0, 1, 2, 3, 4, 7, 10, 11, 13, 15, 16, 17, 18, 19, 20, 23, 24, 25, 26, 27, 29} the accuracy is 0.9666080843585237
	using feature(s) {0, 1, 2, 3, 4, 6, 10, 11, 13, 15, 16, 17, 18, 19, 20, 23, 24, 25, 26, 27, 29} the accuracy is 0.9701230228471002
	using feature(s) {0, 1, 2, 3, 4, 6, 7, 11, 13, 15, 16, 17, 18, 19, 20, 23, 24, 25, 26, 27, 29} the accuracy is 0.968365553602812
	using feature(s) {0, 1, 2, 3, 4, 6, 7, 10, 13, 15, 16, 17, 18, 19, 20, 23, 24, 25, 26, 27, 29} the accuracy is 0.9753954305799648
	using feature(s) {0, 1, 2, 3, 4, 6, 7, 10, 11, 15, 16, 17, 18, 19, 20, 23, 24, 25, 26, 27, 29} the accuracy is 0.9736379613356766
	using feature(s) {0, 1, 2, 3, 4, 6, 7, 10, 11, 13, 16, 17, 18, 19, 20, 23, 24, 25, 26, 27, 29} the accuracy is 0.9753954305799648
	using feature(s) {0, 1, 2, 3, 4, 6, 7, 10, 11, 13, 15, 17, 18, 19, 20, 23, 24, 25, 26, 27, 29} the accuracy is 0.9718804920913884
	using feature(s) {0, 1, 2, 3, 4, 6, 7, 10, 11, 13, 15, 16, 18, 19, 20, 23, 24, 25, 26, 27, 29} the accuracy is 0.9701230228471002
	using feature(s) {0, 1, 2, 3, 4, 6, 7, 10, 11, 13, 15, 16, 17, 19, 20, 23, 24, 25, 26, 27, 29} the accuracy is 0.9630931458699473
	using feature(s) {0, 1, 2, 3, 4, 6, 7, 10, 11, 13, 15, 16, 17, 18, 20, 23, 24, 25, 26, 27, 29} the accuracy is 0.9736379613356766
	using feature(s) {0, 1, 2, 3, 4, 6, 7, 10, 11, 13, 15, 16, 17, 18, 19, 23, 24, 25, 26, 27, 29} the accuracy is 0.9701230228471002
	using feature(s) {0, 1, 2, 3, 4, 6, 7, 10, 11, 13, 15, 16, 17, 18, 19, 20, 24, 25, 26, 27, 29} the accuracy is 0.9718804920913884
	using feature(s) {0, 1, 2, 3, 4, 6, 7, 10, 11, 13, 15, 16, 17, 18, 19, 20, 23, 25, 26, 27, 29} the accuracy is 0.9666080843585237
	using feature(s) {0, 1, 2, 3, 4, 6, 7, 10, 11, 13, 15, 16, 17, 18, 19, 20, 23, 24, 26, 27, 29} the accuracy is 0.9701230228471002
	using feature(s) {0, 1, 2, 3, 4, 6, 7, 10, 11, 13, 15, 16, 17, 18, 19, 20, 23, 24, 25, 27, 29} the accuracy is 0.9666080843585237
	using feature(s) {0, 1, 2, 3, 4, 6, 7, 10, 11, 13, 15, 16, 17, 18, 19, 20, 23, 24, 25, 26, 29} the accuracy is 0.9701230228471002
	using feature(s) {0, 1, 2, 3, 4, 6, 7, 10, 11, 13, 15, 16, 17, 18, 19, 20, 23, 24, 25, 26, 27} the accuracy is 0.968365553602812
Accuracy has decreased! (0.9753954305799648 -> 0.9753954305799648) Continuing with the best feature from this depth in case of local minima

best accuracy was 0.9753954305799648 with feature(s) {0, 1, 2, 3, 4, 6, 7, 10, 13, 15, 16, 17, 18, 19, 20, 23, 24, 25, 26, 27, 29} (removed feature 11)

	using feature(s) {1, 2, 3, 4, 6, 7, 10, 13, 15, 16, 17, 18, 19, 20, 23, 24, 25, 26, 27, 29} the accuracy is 0.9753954305799648
	using feature(s) {0, 2, 3, 4, 6, 7, 10, 13, 15, 16, 17, 18, 19, 20, 23, 24, 25, 26, 27, 29} the accuracy is 0.9595782073813708
	using feature(s) {0, 1, 3, 4, 6, 7, 10, 13, 15, 16, 17, 18, 19, 20, 23, 24, 25, 26, 27, 29} the accuracy is 0.9753954305799648
	using feature(s) {0, 1, 2, 4, 6, 7, 10, 13, 15, 16, 17, 18, 19, 20, 23, 24, 25, 26, 27, 29} the accuracy is 0.9753954305799648
	using feature(s) {0, 1, 2, 3, 6, 7, 10, 13, 15, 16, 17, 18, 19, 20, 23, 24, 25, 26, 27, 29} the accuracy is 0.9595782073813708
	using feature(s) {0, 1, 2, 3, 4, 7, 10, 13, 15, 16, 17, 18, 19, 20, 23, 24, 25, 26, 27, 29} the accuracy is 0.9736379613356766
	using feature(s) {0, 1, 2, 3, 4, 6, 10, 13, 15, 16, 17, 18, 19, 20, 23, 24, 25, 26, 27, 29} the accuracy is 0.9736379613356766
	using feature(s) {0, 1, 2, 3, 4, 6, 7, 13, 15, 16, 17, 18, 19, 20, 23, 24, 25, 26, 27, 29} the accuracy is 0.9648506151142355
	using feature(s) {0, 1, 2, 3, 4, 6, 7, 10, 15, 16, 17, 18, 19, 20, 23, 24, 25, 26, 27, 29} the accuracy is 0.9701230228471002
	using feature(s) {0, 1, 2, 3, 4, 6, 7, 10, 13, 16, 17, 18, 19, 20, 23, 24, 25, 26, 27, 29} the accuracy is 0.9753954305799648
	using feature(s) {0, 1, 2, 3, 4, 6, 7, 10, 13, 15, 17, 18, 19, 20, 23, 24, 25, 26, 27, 29} the accuracy is 0.9736379613356766
	using feature(s) {0, 1, 2, 3, 4, 6, 7, 10, 13, 15, 16, 18, 19, 20, 23, 24, 25, 26, 27, 29} the accuracy is 0.9736379613356766
	using feature(s) {0, 1, 2, 3, 4, 6, 7, 10, 13, 15, 16, 17, 19, 20, 23, 24, 25, 26, 27, 29} the accuracy is 0.9666080843585237
	using feature(s) {0, 1, 2, 3, 4, 6, 7, 10, 13, 15, 16, 17, 18, 20, 23, 24, 25, 26, 27, 29} the accuracy is 0.968365553602812
	using feature(s) {0, 1, 2, 3, 4, 6, 7, 10, 13, 15, 16, 17, 18, 19, 23, 24, 25, 26, 27, 29} the accuracy is 0.9736379613356766
	using feature(s) {0, 1, 2, 3, 4, 6, 7, 10, 13, 15, 16, 17, 18, 19, 20, 24, 25, 26, 27, 29} the accuracy is 0.9736379613356766
	using feature(s) {0, 1, 2, 3, 4, 6, 7, 10, 13, 15, 16, 17, 18, 19, 20, 23, 25, 26, 27, 29} the accuracy is 0.968365553602812
	using feature(s) {0, 1, 2, 3, 4, 6, 7, 10, 13, 15, 16, 17, 18, 19, 20, 23, 24, 26, 27, 29} the accuracy is 0.9736379613356766
	using feature(s) {0, 1, 2, 3, 4, 6, 7, 10, 13, 15, 16, 17, 18, 19, 20, 23, 24, 25, 27, 29} the accuracy is 0.9701230228471002
	using feature(s) {0, 1, 2, 3, 4, 6, 7, 10, 13, 15, 16, 17, 18, 19, 20, 23, 24, 25, 26, 29} the accuracy is 0.9736379613356766
	using feature(s) {0, 1, 2, 3, 4, 6, 7, 10, 13, 15, 16, 17, 18, 19, 20, 23, 24, 25, 26, 27} the accuracy is 0.9753954305799648
Accuracy has decreased! (0.9753954305799648 -> 0.9753954305799648) Continuing with the best feature from this depth in case of local minima

best accuracy was 0.9753954305799648 with feature(s) {1, 2, 3, 4, 6, 7, 10, 13, 15, 16, 17, 18, 19, 20, 23, 24, 25, 26, 27, 29} (removed feature 0)

	using feature(s) {2, 3, 4, 6, 7, 10, 13, 15, 16, 17, 18, 19, 20, 23, 24, 25, 26, 27, 29} the accuracy is 0.9543057996485061
	using feature(s) {1, 3, 4, 6, 7, 10, 13, 15, 16, 17, 18, 19, 20, 23, 24, 25, 26, 27, 29} the accuracy is 0.9736379613356766
	using feature(s) {1, 2, 4, 6, 7, 10, 13, 15, 16, 17, 18, 19, 20, 23, 24, 25, 26, 27, 29} the accuracy is 0.9701230228471002
	using feature(s) {1, 2, 3, 6, 7, 10, 13, 15, 16, 17, 18, 19, 20, 23, 24, 25, 26, 27, 29} the accuracy is 0.9630931458699473
	using feature(s) {1, 2, 3, 4, 7, 10, 13, 15, 16, 17, 18, 19, 20, 23, 24, 25, 26, 27, 29} the accuracy is 0.9718804920913884
	using feature(s) {1, 2, 3, 4, 6, 10, 13, 15, 16, 17, 18, 19, 20, 23, 24, 25, 26, 27, 29} the accuracy is 0.9753954305799648
	using feature(s) {1, 2, 3, 4, 6, 7, 13, 15, 16, 17, 18, 19, 20, 23, 24, 25, 26, 27, 29} the accuracy is 0.9630931458699473
	using feature(s) {1, 2, 3, 4, 6, 7, 10, 15, 16, 17, 18, 19, 20, 23, 24, 25, 26, 27, 29} the accuracy is 0.9701230228471002
	using feature(s) {1, 2, 3, 4, 6, 7, 10, 13, 16, 17, 18, 19, 20, 23, 24, 25, 26, 27, 29} the accuracy is 0.9753954305799648
	using feature(s) {1, 2, 3, 4, 6, 7, 10, 13, 15, 17, 18, 19, 20, 23, 24, 25, 26, 27, 29} the accuracy is 0.9701230228471002
	using feature(s) {1, 2, 3, 4, 6, 7, 10, 13, 15, 16, 18, 19, 20, 23, 24, 25, 26, 27, 29} the accuracy is 0.9701230228471002
	using feature(s) {1, 2, 3, 4, 6, 7, 10, 13, 15, 16, 17, 19, 20, 23, 24, 25, 26, 27, 29} the accuracy is 0.9648506151142355
	using feature(s) {1, 2, 3, 4, 6, 7, 10, 13, 15, 16, 17, 18, 20, 23, 24, 25, 26, 27, 29} the accuracy is 0.9701230228471002
	using feature(s) {1, 2, 3, 4, 6, 7, 10, 13, 15, 16, 17, 18, 19, 23, 24, 25, 26, 27, 29} the accuracy is 0.9701230228471002
	using feature(s) {1, 2, 3, 4, 6, 7, 10, 13, 15, 16, 17, 18, 19, 20, 24, 25, 26, 27, 29} the accuracy is 0.9736379613356766
	using feature(s) {1, 2, 3, 4, 6, 7, 10, 13, 15, 16, 17, 18, 19, 20, 23, 25, 26, 27, 29} the accuracy is 0.968365553602812
	using feature(s) {1, 2, 3, 4, 6, 7, 10, 13, 15, 16, 17, 18, 19, 20, 23, 24, 26, 27, 29} the accuracy is 0.9753954305799648
	using feature(s) {1, 2, 3, 4, 6, 7, 10, 13, 15, 16, 17, 18, 19, 20, 23, 24, 25, 27, 29} the accuracy is 0.9666080843585237
	using feature(s) {1, 2, 3, 4, 6, 7, 10, 13, 15, 16, 17, 18, 19, 20, 23, 24, 25, 26, 29} the accuracy is 0.968365553602812
	using feature(s) {1, 2, 3, 4, 6, 7, 10, 13, 15, 16, 17, 18, 19, 20, 23, 24, 25, 26, 27} the accuracy is 0.9736379613356766
Accuracy has decreased! (0.9753954305799648 -> 0.9753954305799648) Continuing with the best feature from this depth in case of local minima

best accuracy was 0.9753954305799648 with feature(s) {1, 2, 3, 4, 6, 10, 13, 15, 16, 17, 18, 19, 20, 23, 24, 25, 26, 27, 29} (removed feature 7)

	using feature(s) {2, 3, 4, 6, 10, 13, 15, 16, 17, 18, 19, 20, 23, 24, 25, 26, 27, 29} the accuracy is 0.9578207381370826
	using feature(s) {1, 3, 4, 6, 10, 13, 15, 16, 17, 18, 19, 20, 23, 24, 25, 26, 27, 29} the accuracy is 0.968365553602812
	using feature(s) {1, 2, 4, 6, 10, 13, 15, 16, 17, 18, 19, 20, 23, 24, 25, 26, 27, 29} the accuracy is 0.9701230228471002
	using feature(s) {1, 2, 3, 6, 10, 13, 15, 16, 17, 18, 19, 20, 23, 24, 25, 26, 27, 29} the accuracy is 0.9666080843585237
	using feature(s) {1, 2, 3, 4, 10, 13, 15, 16, 17, 18, 19, 20, 23, 24, 25, 26, 27, 29} the accuracy is 0.9701230228471002
	using feature(s) {1, 2, 3, 4, 6, 13, 15, 16, 17, 18, 19, 20, 23, 24, 25, 26, 27, 29} the accuracy is 0.9630931458699473
	using feature(s) {1, 2, 3, 4, 6, 10, 15, 16, 17, 18, 19, 20, 23, 24, 25, 26, 27, 29} the accuracy is 0.9701230228471002
	using feature(s) {1, 2, 3, 4, 6, 10, 13, 16, 17, 18, 19, 20, 23, 24, 25, 26, 27, 29} the accuracy is 0.9753954305799648
	using feature(s) {1, 2, 3, 4, 6, 10, 13, 15, 17, 18, 19, 20, 23, 24, 25, 26, 27, 29} the accuracy is 0.9718804920913884
	using feature(s) {1, 2, 3, 4, 6, 10, 13, 15, 16, 18, 19, 20, 23, 24, 25, 26, 27, 29} the accuracy is 0.9701230228471002
	using feature(s) {1, 2, 3, 4, 6, 10, 13, 15, 16, 17, 19, 20, 23, 24, 25, 26, 27, 29} the accuracy is 0.961335676625659
	using feature(s) {1, 2, 3, 4, 6, 10, 13, 15, 16, 17, 18, 20, 23, 24, 25, 26, 27, 29} the accuracy is 0.9666080843585237
	using feature(s) {1, 2, 3, 4, 6, 10, 13, 15, 16, 17, 18, 19, 23, 24, 25, 26, 27, 29} the accuracy is 0.9666080843585237
	using feature(s) {1, 2, 3, 4, 6, 10, 13, 15, 16, 17, 18, 19, 20, 24, 25, 26, 27, 29} the accuracy is 0.9666080843585237
	using feature(s) {1, 2, 3, 4, 6, 10, 13, 15, 16, 17, 18, 19, 20, 23, 25, 26, 27, 29} the accuracy is 0.9666080843585237
	using feature(s) {1, 2, 3, 4, 6, 10, 13, 15, 16, 17, 18, 19, 20, 23, 24, 26, 27, 29} the accuracy is 0.9736379613356766
	using feature(s) {1, 2, 3, 4, 6, 10, 13, 15, 16, 17, 18, 19, 20, 23, 24, 25, 27, 29} the accuracy is 0.9648506151142355
	using feature(s) {1, 2, 3, 4, 6, 10, 13, 15, 16, 17, 18, 19, 20, 23, 24, 25, 26, 29} the accuracy is 0.9701230228471002
	using feature(s) {1, 2, 3, 4, 6, 10, 13, 15, 16, 17, 18, 19, 20, 23, 24, 25, 26, 27} the accuracy is 0.9736379613356766
Accuracy has decreased! (0.9753954305799648 -> 0.9753954305799648) Continuing with the best feature from this depth in case of local minima

best accuracy was 0.9753954305799648 with feature(s) {1, 2, 3, 4, 6, 10, 13, 16, 17, 18, 19, 20, 23, 24, 25, 26, 27, 29} (removed feature 15)

	using feature(s) {2, 3, 4, 6, 10, 13, 16, 17, 18, 19, 20, 23, 24, 25, 26, 27, 29} the accuracy is 0.9595782073813708
	using feature(s) {1, 3, 4, 6, 10, 13, 16, 17, 18, 19, 20, 23, 24, 25, 26, 27, 29} the accuracy is 0.968365553602812
	using feature(s) {1, 2, 4, 6, 10, 13, 16, 17, 18, 19, 20, 23, 24, 25, 26, 27, 29} the accuracy is 0.968365553602812
	using feature(s) {1, 2, 3, 6, 10, 13, 16, 17, 18, 19, 20, 23, 24, 25, 26, 27, 29} the accuracy is 0.9648506151142355
	using feature(s) {1, 2, 3, 4, 10, 13, 16, 17, 18, 19, 20, 23, 24, 25, 26, 27, 29} the accuracy is 0.9718804920913884
	using feature(s) {1, 2, 3, 4, 6, 13, 16, 17, 18, 19, 20, 23, 24, 25, 26, 27, 29} the accuracy is 0.9648506151142355
	using feature(s) {1, 2, 3, 4, 6, 10, 16, 17, 18, 19, 20, 23, 24, 25, 26, 27, 29} the accuracy is 0.968365553602812
	using feature(s) {1, 2, 3, 4, 6, 10, 13, 17, 18, 19, 20, 23, 24, 25, 26, 27, 29} the accuracy is 0.9718804920913884
	using feature(s) {1, 2, 3, 4, 6, 10, 13, 16, 18, 19, 20, 23, 24, 25, 26, 27, 29} the accuracy is 0.9701230228471002
	using feature(s) {1, 2, 3, 4, 6, 10, 13, 16, 17, 19, 20, 23, 24, 25, 26, 27, 29} the accuracy is 0.9666080843585237
	using feature(s) {1, 2, 3, 4, 6, 10, 13, 16, 17, 18, 20, 23, 24, 25, 26, 27, 29} the accuracy is 0.9630931458699473
	using feature(s) {1, 2, 3, 4, 6, 10, 13, 16, 17, 18, 19, 23, 24, 25, 26, 27, 29} the accuracy is 0.9630931458699473
	using feature(s) {1, 2, 3, 4, 6, 10, 13, 16, 17, 18, 19, 20, 24, 25, 26, 27, 29} the accuracy is 0.9648506151142355
	using feature(s) {1, 2, 3, 4, 6, 10, 13, 16, 17, 18, 19, 20, 23, 25, 26, 27, 29} the accuracy is 0.9648506151142355
	using feature(s) {1, 2, 3, 4, 6, 10, 13, 16, 17, 18, 19, 20, 23, 24, 26, 27, 29} the accuracy is 0.9753954305799648
	using feature(s) {1, 2, 3, 4, 6, 10, 13, 16, 17, 18, 19, 20, 23, 24, 25, 27, 29} the accuracy is 0.9701230228471002
	using feature(s) {1, 2, 3, 4, 6, 10, 13, 16, 17, 18, 19, 20, 23, 24, 25, 26, 29} the accuracy is 0.9701230228471002
	using feature(s) {1, 2, 3, 4, 6, 10, 13, 16, 17, 18, 19, 20, 23, 24, 25, 26, 27} the accuracy is 0.9753954305799648
Accuracy has decreased! (0.9753954305799648 -> 0.9753954305799648) Continuing with the best feature from this depth in case of local minima

best accuracy was 0.9753954305799648 with feature(s) {1, 2, 3, 4, 6, 10, 13, 16, 17, 18, 19, 20, 23, 24, 26, 27, 29} (removed feature 25)

	using feature(s) {2, 3, 4, 6, 10, 13, 16, 17, 18, 19, 20, 23, 24, 26, 27, 29} the accuracy is 0.9543057996485061
	using feature(s) {1, 3, 4, 6, 10, 13, 16, 17, 18, 19, 20, 23, 24, 26, 27, 29} the accuracy is 0.968365553602812
	using feature(s) {1, 2, 4, 6, 10, 13, 16, 17, 18, 19, 20, 23, 24, 26, 27, 29} the accuracy is 0.9701230228471002
	using feature(s) {1, 2, 3, 6, 10, 13, 16, 17, 18, 19, 20, 23, 24, 26, 27, 29} the accuracy is 0.9666080843585237
	using feature(s) {1, 2, 3, 4, 10, 13, 16, 17, 18, 19, 20, 23, 24, 26, 27, 29} the accuracy is 0.968365553602812
	using feature(s) {1, 2, 3, 4, 6, 13, 16, 17, 18, 19, 20, 23, 24, 26, 27, 29} the accuracy is 0.9701230228471002
	using feature(s) {1, 2, 3, 4, 6, 10, 16, 17, 18, 19, 20, 23, 24, 26, 27, 29} the accuracy is 0.9718804920913884
	using feature(s) {1, 2, 3, 4, 6, 10, 13, 17, 18, 19, 20, 23, 24, 26, 27, 29} the accuracy is 0.9736379613356766
	using feature(s) {1, 2, 3, 4, 6, 10, 13, 16, 18, 19, 20, 23, 24, 26, 27, 29} the accuracy is 0.9718804920913884
	using feature(s) {1, 2, 3, 4, 6, 10, 13, 16, 17, 19, 20, 23, 24, 26, 27, 29} the accuracy is 0.9666080843585237
	using feature(s) {1, 2, 3, 4, 6, 10, 13, 16, 17, 18, 20, 23, 24, 26, 27, 29} the accuracy is 0.9666080843585237
	using feature(s) {1, 2, 3, 4, 6, 10, 13, 16, 17, 18, 19, 23, 24, 26, 27, 29} the accuracy is 0.9701230228471002
	using feature(s) {1, 2, 3, 4, 6, 10, 13, 16, 17, 18, 19, 20, 24, 26, 27, 29} the accuracy is 0.9753954305799648
	using feature(s) {1, 2, 3, 4, 6, 10, 13, 16, 17, 18, 19, 20, 23, 26, 27, 29} the accuracy is 0.968365553602812
	using feature(s) {1, 2, 3, 4, 6, 10, 13, 16, 17, 18, 19, 20, 23, 24, 27, 29} the accuracy is 0.9718804920913884
	using feature(s) {1, 2, 3, 4, 6, 10, 13, 16, 17, 18, 19, 20, 23, 24, 26, 29} the accuracy is 0.9753954305799648
	using feature(s) {1, 2, 3, 4, 6, 10, 13, 16, 17, 18, 19, 20, 23, 24, 26, 27} the accuracy is 0.9753954305799648
Accuracy has decreased! (0.9753954305799648 -> 0.9753954305799648) Continuing with the best feature from this depth in case of local minima

best accuracy was 0.9753954305799648 with feature(s) {1, 2, 3, 4, 6, 10, 13, 16, 17, 18, 19, 20, 24, 26, 27, 29} (removed feature 23)

	using feature(s) {2, 3, 4, 6, 10, 13, 16, 17, 18, 19, 20, 24, 26, 27, 29} the accuracy is 0.9525483304042179
	using feature(s) {1, 3, 4, 6, 10, 13, 16, 17, 18, 19, 20, 24, 26, 27, 29} the accuracy is 0.9666080843585237
	using feature(s) {1, 2, 4, 6, 10, 13, 16, 17, 18, 19, 20, 24, 26, 27, 29} the accuracy is 0.968365553602812
	using feature(s) {1, 2, 3, 6, 10, 13, 16, 17, 18, 19, 20, 24, 26, 27, 29} the accuracy is 0.9648506151142355
	using feature(s) {1, 2, 3, 4, 10, 13, 16, 17, 18, 19, 20, 24, 26, 27, 29} the accuracy is 0.9701230228471002
	using feature(s) {1, 2, 3, 4, 6, 13, 16, 17, 18, 19, 20, 24, 26, 27, 29} the accuracy is 0.9666080843585237
	using feature(s) {1, 2, 3, 4, 6, 10, 16, 17, 18, 19, 20, 24, 26, 27, 29} the accuracy is 0.968365553602812
	using feature(s) {1, 2, 3, 4, 6, 10, 13, 17, 18, 19, 20, 24, 26, 27, 29} the accuracy is 0.9736379613356766
	using feature(s) {1, 2, 3, 4, 6, 10, 13, 16, 18, 19, 20, 24, 26, 27, 29} the accuracy is 0.9718804920913884
	using feature(s) {1, 2, 3, 4, 6, 10, 13, 16, 17, 19, 20, 24, 26, 27, 29} the accuracy is 0.9648506151142355
	using feature(s) {1, 2, 3, 4, 6, 10, 13, 16, 17, 18, 20, 24, 26, 27, 29} the accuracy is 0.9666080843585237
	using feature(s) {1, 2, 3, 4, 6, 10, 13, 16, 17, 18, 19, 24, 26, 27, 29} the accuracy is 0.9648506151142355
	using feature(s) {1, 2, 3, 4, 6, 10, 13, 16, 17, 18, 19, 20, 26, 27, 29} the accuracy is 0.968365553602812
	using feature(s) {1, 2, 3, 4, 6, 10, 13, 16, 17, 18, 19, 20, 24, 27, 29} the accuracy is 0.968365553602812
	using feature(s) {1, 2, 3, 4, 6, 10, 13, 16, 17, 18, 19, 20, 24, 26, 29} the accuracy is 0.9736379613356766
	using feature(s) {1, 2, 3, 4, 6, 10, 13, 16, 17, 18, 19, 20, 24, 26, 27} the accuracy is 0.9753954305799648
Accuracy has decreased! (0.9753954305799648 -> 0.9753954305799648) Continuing with the best feature from this depth in case of local minima

best accuracy was 0.9753954305799648 with feature(s) {1, 2, 3, 4, 6, 10, 13, 16, 17, 18, 19, 20, 24, 26, 27} (removed feature 29)

	using feature(s) {2, 3, 4, 6, 10, 13, 16, 17, 18, 19, 20, 24, 26, 27} the accuracy is 0.9630931458699473
	using feature(s) {1, 3, 4, 6, 10, 13, 16, 17, 18, 19, 20, 24, 26, 27} the accuracy is 0.9718804920913884
	using feature(s) {1, 2, 4, 6, 10, 13, 16, 17, 18, 19, 20, 24, 26, 27} the accuracy is 0.9666080843585237
	using feature(s) {1, 2, 3, 6, 10, 13, 16, 17, 18, 19, 20, 24, 26, 27} the accuracy is 0.961335676625659
	using feature(s) {1, 2, 3, 4, 10, 13, 16, 17, 18, 19, 20, 24, 26, 27} the accuracy is 0.9701230228471002
	using feature(s) {1, 2, 3, 4, 6, 13, 16, 17, 18, 19, 20, 24, 26, 27} the accuracy is 0.961335676625659
	using feature(s) {1, 2, 3, 4, 6, 10, 16, 17, 18, 19, 20, 24, 26, 27} the accuracy is 0.9648506151142355
	using feature(s) {1, 2, 3, 4, 6, 10, 13, 17, 18, 19, 20, 24, 26, 27} the accuracy is 0.9701230228471002
	using feature(s) {1, 2, 3, 4, 6, 10, 13, 16, 18, 19, 20, 24, 26, 27} the accuracy is 0.968365553602812
	using feature(s) {1, 2, 3, 4, 6, 10, 13, 16, 17, 19, 20, 24, 26, 27} the accuracy is 0.968365553602812
	using feature(s) {1, 2, 3, 4, 6, 10, 13, 16, 17, 18, 20, 24, 26, 27} the accuracy is 0.9648506151142355
	using feature(s) {1, 2, 3, 4, 6, 10, 13, 16, 17, 18, 19, 24, 26, 27} the accuracy is 0.9648506151142355
	using feature(s) {1, 2, 3, 4, 6, 10, 13, 16, 17, 18, 19, 20, 26, 27} the accuracy is 0.9595782073813708
	using feature(s) {1, 2, 3, 4, 6, 10, 13, 16, 17, 18, 19, 20, 24, 27} the accuracy is 0.9648506151142355
	using feature(s) {1, 2, 3, 4, 6, 10, 13, 16, 17, 18, 19, 20, 24, 26} the accuracy is 0.9718804920913884
Accuracy has decreased! (0.9753954305799648 -> 0.9718804920913884) Continuing with the best feature from this depth in case of local minima

best accuracy was 0.9718804920913884 with feature(s) {1, 3, 4, 6, 10, 13, 16, 17, 18, 19, 20, 24, 26, 27} (removed feature 2)

	using feature(s) {3, 4, 6, 10, 13, 16, 17, 18, 19, 20, 24, 26, 27} the accuracy is 0.9560632688927944
	using feature(s) {1, 4, 6, 10, 13, 16, 17, 18, 19, 20, 24, 26, 27} the accuracy is 0.968365553602812
	using feature(s) {1, 3, 6, 10, 13, 16, 17, 18, 19, 20, 24, 26, 27} the accuracy is 0.9595782073813708
	using feature(s) {1, 3, 4, 10, 13, 16, 17, 18, 19, 20, 24, 26, 27} the accuracy is 0.9666080843585237
	using feature(s) {1, 3, 4, 6, 13, 16, 17, 18, 19, 20, 24, 26, 27} the accuracy is 0.961335676625659
	using feature(s) {1, 3, 4, 6, 10, 16, 17, 18, 19, 20, 24, 26, 27} the accuracy is 0.9648506151142355
	using feature(s) {1, 3, 4, 6, 10, 13, 17, 18, 19, 20, 24, 26, 27} the accuracy is 0.9701230228471002
	using feature(s) {1, 3, 4, 6, 10, 13, 16, 18, 19, 20, 24, 26, 27} the accuracy is 0.9648506151142355
	using feature(s) {1, 3, 4, 6, 10, 13, 16, 17, 19, 20, 24, 26, 27} the accuracy is 0.9701230228471002
	using feature(s) {1, 3, 4, 6, 10, 13, 16, 17, 18, 20, 24, 26, 27} the accuracy is 0.961335676625659
	using feature(s) {1, 3, 4, 6, 10, 13, 16, 17, 18, 19, 24, 26, 27} the accuracy is 0.9595782073813708
	using feature(s) {1, 3, 4, 6, 10, 13, 16, 17, 18, 19, 20, 26, 27} the accuracy is 0.961335676625659
	using feature(s) {1, 3, 4, 6, 10, 13, 16, 17, 18, 19, 20, 24, 27} the accuracy is 0.9648506151142355
	using feature(s) {1, 3, 4, 6, 10, 13, 16, 17, 18, 19, 20, 24, 26} the accuracy is 0.9718804920913884
Accuracy has decreased! (0.9753954305799648 -> 0.9718804920913884) Continuing with the best feature from this depth in case of local minima

best accuracy was 0.9718804920913884 with feature(s) {1, 3, 4, 6, 10, 13, 16, 17, 18, 19, 20, 24, 26} (removed feature 27)

	using feature(s) {3, 4, 6, 10, 13, 16, 17, 18, 19, 20, 24, 26} the accuracy is 0.9578207381370826
	using feature(s) {1, 4, 6, 10, 13, 16, 17, 18, 19, 20, 24, 26} the accuracy is 0.961335676625659
	using feature(s) {1, 3, 6, 10, 13, 16, 17, 18, 19, 20, 24, 26} the accuracy is 0.9595782073813708
	using feature(s) {1, 3, 4, 10, 13, 16, 17, 18, 19, 20, 24, 26} the accuracy is 0.9701230228471002
	using feature(s) {1, 3, 4, 6, 13, 16, 17, 18, 19, 20, 24, 26} the accuracy is 0.9666080843585237
	using feature(s) {1, 3, 4, 6, 10, 16, 17, 18, 19, 20, 24, 26} the accuracy is 0.968365553602812
	using feature(s) {1, 3, 4, 6, 10, 13, 17, 18, 19, 20, 24, 26} the accuracy is 0.9718804920913884
	using feature(s) {1, 3, 4, 6, 10, 13, 16, 18, 19, 20, 24, 26} the accuracy is 0.9701230228471002
	using feature(s) {1, 3, 4, 6, 10, 13, 16, 17, 19, 20, 24, 26} the accuracy is 0.968365553602812
	using feature(s) {1, 3, 4, 6, 10, 13, 16, 17, 18, 20, 24, 26} the accuracy is 0.9701230228471002
	using feature(s) {1, 3, 4, 6, 10, 13, 16, 17, 18, 19, 24, 26} the accuracy is 0.9595782073813708
	using feature(s) {1, 3, 4, 6, 10, 13, 16, 17, 18, 19, 20, 26} the accuracy is 0.9595782073813708
	using feature(s) {1, 3, 4, 6, 10, 13, 16, 17, 18, 19, 20, 24} the accuracy is 0.9578207381370826
Accuracy has decreased! (0.9753954305799648 -> 0.9718804920913884) Continuing with the best feature from this depth in case of local minima

best accuracy was 0.9718804920913884 with feature(s) {1, 3, 4, 6, 10, 13, 17, 18, 19, 20, 24, 26} (removed feature 16)

	using feature(s) {3, 4, 6, 10, 13, 17, 18, 19, 20, 24, 26} the accuracy is 0.9595782073813708
	using feature(s) {1, 4, 6, 10, 13, 17, 18, 19, 20, 24, 26} the accuracy is 0.961335676625659
	using feature(s) {1, 3, 6, 10, 13, 17, 18, 19, 20, 24, 26} the accuracy is 0.9595782073813708
	using feature(s) {1, 3, 4, 10, 13, 17, 18, 19, 20, 24, 26} the accuracy is 0.9701230228471002
	using feature(s) {1, 3, 4, 6, 13, 17, 18, 19, 20, 24, 26} the accuracy is 0.9666080843585237
	using feature(s) {1, 3, 4, 6, 10, 17, 18, 19, 20, 24, 26} the accuracy is 0.968365553602812
	using feature(s) {1, 3, 4, 6, 10, 13, 18, 19, 20, 24, 26} the accuracy is 0.9701230228471002
	using feature(s) {1, 3, 4, 6, 10, 13, 17, 19, 20, 24, 26} the accuracy is 0.9701230228471002
	using feature(s) {1, 3, 4, 6, 10, 13, 17, 18, 20, 24, 26} the accuracy is 0.9648506151142355
	using feature(s) {1, 3, 4, 6, 10, 13, 17, 18, 19, 24, 26} the accuracy is 0.9507908611599297
	using feature(s) {1, 3, 4, 6, 10, 13, 17, 18, 19, 20, 26} the accuracy is 0.9595782073813708
	using feature(s) {1, 3, 4, 6, 10, 13, 17, 18, 19, 20, 24} the accuracy is 0.961335676625659
Accuracy has decreased! (0.9753954305799648 -> 0.9701230228471002) Continuing with the best feature from this depth in case of local minima

best accuracy was 0.9701230228471002 with feature(s) {1, 3, 4, 10, 13, 17, 18, 19, 20, 24, 26} (removed feature 6)

	using feature(s) {3, 4, 10, 13, 17, 18, 19, 20, 24, 26} the accuracy is 0.961335676625659
	using feature(s) {1, 4, 10, 13, 17, 18, 19, 20, 24, 26} the accuracy is 0.9666080843585237
	using feature(s) {1, 3, 10, 13, 17, 18, 19, 20, 24, 26} the accuracy is 0.9648506151142355
	using feature(s) {1, 3, 4, 13, 17, 18, 19, 20, 24, 26} the accuracy is 0.9648506151142355
	using feature(s) {1, 3, 4, 10, 17, 18, 19, 20, 24, 26} the accuracy is 0.9701230228471002
	using feature(s) {1, 3, 4, 10, 13, 18, 19, 20, 24, 26} the accuracy is 0.9701230228471002
	using feature(s) {1, 3, 4, 10, 13, 17, 19, 20, 24, 26} the accuracy is 0.9718804920913884
	using feature(s) {1, 3, 4, 10, 13, 17, 18, 20, 24, 26} the accuracy is 0.9648506151142355
	using feature(s) {1, 3, 4, 10, 13, 17, 18, 19, 24, 26} the accuracy is 0.9595782073813708
	using feature(s) {1, 3, 4, 10, 13, 17, 18, 19, 20, 26} the accuracy is 0.9578207381370826
	using feature(s) {1, 3, 4, 10, 13, 17, 18, 19, 20, 24} the accuracy is 0.9437609841827768
Accuracy has decreased! (0.9753954305799648 -> 0.9718804920913884) Continuing with the best feature from this depth in case of local minima

best accuracy was 0.9718804920913884 with feature(s) {1, 3, 4, 10, 13, 17, 19, 20, 24, 26} (removed feature 18)

	using feature(s) {3, 4, 10, 13, 17, 19, 20, 24, 26} the accuracy is 0.9595782073813708
	using feature(s) {1, 4, 10, 13, 17, 19, 20, 24, 26} the accuracy is 0.9648506151142355
	using feature(s) {1, 3, 10, 13, 17, 19, 20, 24, 26} the accuracy is 0.9595782073813708
	using feature(s) {1, 3, 4, 13, 17, 19, 20, 24, 26} the accuracy is 0.9630931458699473
	using feature(s) {1, 3, 4, 10, 17, 19, 20, 24, 26} the accuracy is 0.968365553602812
	using feature(s) {1, 3, 4, 10, 13, 19, 20, 24, 26} the accuracy is 0.968365553602812
	using feature(s) {1, 3, 4, 10, 13, 17, 20, 24, 26} the accuracy is 0.968365553602812
	using feature(s) {1, 3, 4, 10, 13, 17, 19, 24, 26} the accuracy is 0.9578207381370826
	using feature(s) {1, 3, 4, 10, 13, 17, 19, 20, 26} the accuracy is 0.9595782073813708
	using feature(s) {1, 3, 4, 10, 13, 17, 19, 20, 24} the accuracy is 0.9314586994727593
Accuracy has decreased! (0.9753954305799648 -> 0.968365553602812) Continuing with the best feature from this depth in case of local minima

best accuracy was 0.968365553602812 with feature(s) {1, 3, 4, 10, 17, 19, 20, 24, 26} (removed feature 13)

	using feature(s) {3, 4, 10, 17, 19, 20, 24, 26} the accuracy is 0.9560632688927944
	using feature(s) {1, 4, 10, 17, 19, 20, 24, 26} the accuracy is 0.9648506151142355
	using feature(s) {1, 3, 10, 17, 19, 20, 24, 26} the accuracy is 0.9595782073813708
	using feature(s) {1, 3, 4, 17, 19, 20, 24, 26} the accuracy is 0.9578207381370826
	using feature(s) {1, 3, 4, 10, 19, 20, 24, 26} the accuracy is 0.9648506151142355
	using feature(s) {1, 3, 4, 10, 17, 20, 24, 26} the accuracy is 0.9630931458699473
	using feature(s) {1, 3, 4, 10, 17, 19, 24, 26} the accuracy is 0.9578207381370826
	using feature(s) {1, 3, 4, 10, 17, 19, 20, 26} the accuracy is 0.9595782073813708
	using feature(s) {1, 3, 4, 10, 17, 19, 20, 24} the accuracy is 0.9314586994727593
Accuracy has decreased! (0.9753954305799648 -> 0.9648506151142355) Continuing with the best feature from this depth in case of local minima

best accuracy was 0.9648506151142355 with feature(s) {1, 4, 10, 17, 19, 20, 24, 26} (removed feature 3)

	using feature(s) {4, 10, 17, 19, 20, 24, 26} the accuracy is 0.9525483304042179
	using feature(s) {1, 10, 17, 19, 20, 24, 26} the accuracy is 0.961335676625659
	using feature(s) {1, 4, 17, 19, 20, 24, 26} the accuracy is 0.9543057996485061
	using feature(s) {1, 4, 10, 19, 20, 24, 26} the accuracy is 0.9630931458699473
	using feature(s) {1, 4, 10, 17, 20, 24, 26} the accuracy is 0.9578207381370826
	using feature(s) {1, 4, 10, 17, 19, 24, 26} the accuracy is 0.9173989455184535
	using feature(s) {1, 4, 10, 17, 19, 20, 26} the accuracy is 0.9595782073813708
	using feature(s) {1, 4, 10, 17, 19, 20, 24} the accuracy is 0.9244288224956063
Accuracy has decreased! (0.9753954305799648 -> 0.9630931458699473) Continuing with the best feature from this depth in case of local minima

best accuracy was 0.9630931458699473 with feature(s) {1, 4, 10, 19, 20, 24, 26} (removed feature 17)

	using feature(s) {19, 4, 20, 26, 24, 10} the accuracy is 0.9560632688927944
	using feature(s) {1, 19, 20, 26, 24, 10} the accuracy is 0.9578207381370826
	using feature(s) {1, 19, 4, 20, 26, 24} the accuracy is 0.9490333919156415
	using feature(s) {1, 4, 20, 26, 24, 10} the accuracy is 0.9525483304042179
	using feature(s) {1, 19, 4, 26, 24, 10} the accuracy is 0.9437609841827768
	using feature(s) {1, 19, 4, 20, 26, 10} the accuracy is 0.9543057996485061
	using feature(s) {1, 19, 4, 20, 24, 10} the accuracy is 0.9244288224956063
Accuracy has decreased! (0.9753954305799648 -> 0.9578207381370826) Continuing with the best feature from this depth in case of local minima

best accuracy was 0.9578207381370826 with feature(s) {1, 10, 19, 20, 24, 26} (removed feature 4)

	using feature(s) {19, 20, 26, 24, 10} the accuracy is 0.929701230228471
	using feature(s) {1, 19, 20, 26, 24} the accuracy is 0.9507908611599297
	using feature(s) {1, 20, 26, 24, 10} the accuracy is 0.9507908611599297
	using feature(s) {1, 19, 26, 24, 10} the accuracy is 0.929701230228471
	using feature(s) {1, 19, 20, 26, 10} the accuracy is 0.9349736379613357
	using feature(s) {1, 19, 20, 24, 10} the accuracy is 0.9367311072056239
Accuracy has decreased! (0.9753954305799648 -> 0.9507908611599297) Continuing with the best feature from this depth in case of local minima

best accuracy was 0.9507908611599297 with feature(s) {1, 19, 20, 24, 26} (removed feature 10)

	using feature(s) {19, 20, 24, 26} the accuracy is 0.929701230228471
	using feature(s) {1, 20, 24, 26} the accuracy is 0.945518453427065
	using feature(s) {1, 19, 24, 26} the accuracy is 0.8383128295254832
	using feature(s) {1, 19, 20, 26} the accuracy is 0.9226713532513181
	using feature(s) {1, 19, 20, 24} the accuracy is 0.9279437609841827
Accuracy has decreased! (0.9753954305799648 -> 0.945518453427065) Continuing with the best feature from this depth in case of local minima

best accuracy was 0.945518453427065 with feature(s) {1, 20, 24, 26} (removed feature 19)

	using feature(s) {24, 26, 20} the accuracy is 0.9402460456942003
	using feature(s) {24, 1, 26} the accuracy is 0.827768014059754
	using feature(s) {1, 26, 20} the accuracy is 0.9314586994727593
	using feature(s) {24, 1, 20} the accuracy is 0.945518453427065
Accuracy has decreased! (0.9753954305799648 -> 0.945518453427065) Continuing with the best feature from this depth in case of local minima

best accuracy was 0.945518453427065 with feature(s) {1, 20, 24} (removed feature 26)

	using feature(s) {24, 20} the accuracy is 0.9261862917398945
	using feature(s) {24, 1} the accuracy is 0.7205623901581723
	using feature(s) {1, 20} the accuracy is 0.9173989455184535
Accuracy has decreased! (0.9753954305799648 -> 0.9261862917398945) Continuing with the best feature from this depth in case of local minima

best accuracy was 0.9261862917398945 with feature(s) {20, 24} (removed feature 1)

	using feature(s) {24} the accuracy is 0.6098418277680141
	using feature(s) {20} the accuracy is 0.8541300527240774
Accuracy has decreased! (0.9753954305799648 -> 0.8541300527240774) Continuing with the best feature from this depth in case of local minima

best accuracy was 0.8541300527240774 with feature(s) {20} (removed feature 24)

Finished search! Overall best accuracy was 0.9753954305799648 with feature subset {0, 1, 2, 3, 4, 6, 7, 10, 11, 12, 13, 15, 16, 17, 18, 19, 20, 23, 24, 25, 26, 27, 29}
